1.2345 1e-20 0 0 1 1
1.2345 1e-19 0 0 1 1
1.2345 1e-18 0 0 1 1
1.2345 1e-17 0 0 1 1
1.2345 1e-16 0 0 1 1
1.2345 1e-15 0.111022 1.11022e-31 0.0389511 1
1.2345 1e-14 0.111022 1.16573e-29 0.0389511 1
1.2345 1e-13 0.115463 1.15463e-27 0.000509142 1
1.2345 1e-12 0.115463 1.15519e-25 0.000509142 1
1.2345 1e-11 0.115519 1.15524e-23 2.8618e-05 1
1.2345 1e-10 0.115522 1.15522e-21 2.13514e-07 1
1.2345 1e-09 0.115522 1.15522e-19 2.13514e-07 1
1.2345 1e-08 0.115522 1.15522e-17 2.6701e-07 1
1.2345 1e-07 0.115522 1.15522e-15 2.59275e-06 1
1.2345 1e-06 0.115519 1.15522e-13 2.5951e-05 1
1.2345 1e-05 0.115492 1.15522e-11 0.000259507 1
1.2345 0.0001 0.115222 1.15522e-09 0.00259527 1
1.2345 0.001 0.112522 1.15519e-07 0.0259729 0.999999
1.2345 0.01 0.085286 1.15264e-05 0.261733 0.9999
1.2345 0.1 -0.208935 0.000899334 2.80861 0.992215
